FIELD    MAGNETIZATION    MAGNETIZATIONstd    POLARIZATION    POLARIZATIONstd    LB2    LB2std    Accept rate    
-8    -1.10748    0.00325899    -0.799898    0.00150899    0.00046    0.00105043    0.00370271
-6    -1.07377    0.00363744    -0.804768    0.00180202    0.000205    0.0009794    0.00480114
-4    -1.042    0.00428171    -0.809064    0.00175115    0.00056    0.00133843    0.0062618
-2    -1.00969    0.00462415    -0.810878    0.00192581    0.000625    0.00206292    0.00812802
0.0001    -0.970788    0.00894293    -0.807992    0.00407703    0.0007    0.00274909    0.0105181
0.135692    -0.970974    0.0064573    -0.809445    0.00346726    0.00049    0.00236535    0.0107008
0.271283    -0.967836    0.0058089    -0.807603    0.00410221    0.001615    0.00292712    0.0109009
0.406875    -0.965915    0.00685456    -0.809398    0.00363015    0.00061    0.002122    0.0110801
0.542466    -0.96062    0.00853779    -0.806044    0.00538672    0.00303    0.00382186    0.0112919
0.678058    -0.958579    0.00814209    -0.807682    0.00391155    0.00193    0.00287882    0.0114723
0.813649    -0.954731    0.00862782    -0.805691    0.00444017    0.00163    0.00395419    0.0117061
0.949241    -0.955462    0.00714327    -0.807926    0.00398014    0.00216    0.00258107    0.0119042
1.08483    -0.950074    0.00866809    -0.805896    0.00503842    0.00188    0.00431458    0.0121177
1.22042    -0.94705    0.00928138    -0.804446    0.00642492    0.003015    0.00420904    0.0123434
1.35602    -0.943898    0.00881023    -0.804666    0.00527422    0.00184    0.00374525    0.0125603
1.49161    -0.934848    0.00972601    -0.797051    0.00670041    0.00623    0.00396763    0.0128305
1.6272    -0.939189    0.0091786    -0.8045    0.00465501    0.001305    0.00354094    0.0129978
1.76279    -0.930288    0.00916517    -0.796649    0.00643569    0.006285    0.00417613    0.0133018
1.89838    -0.933897    0.00880056    -0.803695    0.00549927    0.0015    0.00406171    0.0134803
2.03397    -0.921795    0.0095029    -0.795162    0.00788342    0.00404    0.00576397    0.0137818
2.16956    -0.917111    0.0097862    -0.791561    0.00575501    0.008015    0.00342907    0.0140501
2.30516    -0.912446    0.0099958    -0.789376    0.00597623    0.006865    0.00429017    0.0143654
2.44075    -0.909153    0.00999552    -0.790992    0.00647762    0.006905    0.00369794    0.0145516
2.57634    -0.81171    0.0105458    -0.627098    0.0051264    -0.093645    0.00428838    0.0143289
2.71193    -0.586642    0.0370876    -0.266517    0.0557574    -0.07683    0.0327741    0.0134724
2.84752    -0.50552    0.0111016    -0.125267    0.00774274    -0.003165    0.00580659    0.01314
2.98311    -0.439677    0.0443661    -0.0201834    0.075955    0.0638    0.0473337    0.0131362
3.11871    -0.300384    0.00975562    0.212381    0.00184644    0.0034    0.00408993    0.0126113
3.2543    -0.299754    0.00888479    0.212487    0.00162385    0.00188    0.00449312    0.0127732
3.38989    -0.294571    0.00901041    0.212597    0.00146061    0.00436    0.00355182    0.012929
3.52548    -0.230427    0.0453586    0.214026    0.00199733    -0.05654    0.0459718    0.012894
3.66107    -0.172776    0.0112276    0.214715    0.00201554    -0.10506    0.0057742    0.0128768
3.79666    -0.187127    0.00855063    0.214351    0.00210692    -0.09456    0.00407908    0.0129111
3.93225    -0.0846604    0.00843044    0.206984    0.00270846    -0.19487    0.00372164    0.012586
4.06785    -0.0825124    0.0132489    0.212378    0.0060803    -0.199735    0.00715776    0.0127313
4.20344    -0.0759272    0.0093278    0.206529    0.00236749    -0.194685    0.0038075    0.0129301
4.33903    0.0878845    0.0451198    0.324925    0.0747904    -0.029445    0.0449682    0.0120017
4.47462    0.210675    0.00884157    0.370952    0.00441254    0.10135    0.00269351    0.0112702
4.61021    0.311652    0.00893236    0.452265    0.00673447    0.19595    0.00444016    0.0106225
4.7458    0.322497    0.0117839    0.44944    0.0070079    0.19054    0.00690984    0.0108067
4.88139    0.413547    0.0079122    0.288876    0.00382394    0.10174    0.00372893    0.00985049
5.01699    0.490438    0.0237737    0.221734    0.0220701    0.01337    0.0293644    0.00944877
5.15258    0.51    0.00675795    0.205101    0.00376425    0.00438    0.00250611    0.00934759
5.28817    0.519591    0.0119266    0.19775    0.0112848    0.011145    0.00711127    0.00948833
5.42376    0.736818    0.0424367    -0.202054    0.0774069    -0.032635    0.044783    0.00801366
5.55935    0.796537    0.00640471    -0.307059    0.00220377    -0.093165    0.0015179    0.00739437
5.69494    0.798025    0.00586028    -0.307056    0.00281556    -0.09299    0.00202173    0.00739443
5.83054    0.799918    0.00551303    -0.307155    0.00248335    -0.09306    0.00179483    0.00736793
5.96613    0.80359    0.00464949    -0.307808    0.00324374    -0.09239    0.00244804    0.00736723
6.10172    0.806294    0.00510391    -0.307302    0.00319    -0.092725    0.00247197    0.00735826
6.23731    0.878533    0.0272817    -0.443696    0.0557134    -0.01431    0.0317792    0.00663755
6.3729    0.986847    0.00367203    -0.635784    0.00185704    -0.09782    0.00142306    0.00543637
6.50849    1.03928    0.0441561    -0.725133    0.0803564    -0.04557    0.0465068    0.00494443
6.64408    1.0851    0.00341924    -0.80392    0.00149614    0.00014    0.00137036    0.00441856
6.77968    1.08829    0.00401251    -0.803592    0.00154239    -0.000255    0.00121191    0.00432861
6.91527    1.0896    0.00373667    -0.803175    0.00141873    -0.00012    0.00119921    0.00425783
7.05086    1.09338    0.0032037    -0.802858    0.00142484    -5.5e-05    0.00114268    0.00418344
7.18645    1.09535    0.00318082    -0.802378    0.00132156    0.00013    0.00102255    0.00410902
7.32204    1.09759    0.00265487    -0.802372    0.00133884    -7.5e-05    0.00128477    0.00404051
7.45763    1.09919    0.00303129    -0.801796    0.00144816    0.00027    0.00109298    0.00396637
7.59323    1.10104    0.00322224    -0.801022    0.00173458    -8.5e-05    0.00118492    0.00390776
7.72882    1.10311    0.00366711    -0.800842    0.00151213    -5e-05    0.0011158    0.00382577
7.86441    1.10664    0.00336895    -0.800915    0.00151193    -0.0002    0.000855862    0.00376014
8    1.10878    0.00356227    -0.800191    0.00158309    -0.00017    0.000937337    0.00370043
