FIELD    MAGNETIZATION    MAGNETIZATIONstd    POLARIZATION    POLARIZATIONstd    LB2    LB2std    Accept rate    
-8    -1.10717    0.00296532    -0.801087    0.00164802    0.00048    0.000903936    0.00355845
-6    -1.0742    0.00332384    -0.80625    0.00153244    0.000635    0.00147497    0.00463332
-4    -1.04224    0.00434718    -0.809756    0.00210256    0.00063    0.00147245    0.00606966
-2    -1.00972    0.00493629    -0.811667    0.00222295    0.000605    0.00170447    0.00793146
0.0001    -0.976042    0.00599113    -0.810814    0.00282182    0.001445    0.00237818    0.0103458
0.135692    -0.972388    0.0079997    -0.810857    0.00319927    0.000895    0.00245718    0.010548
0.271283    -0.969573    0.0071958    -0.810102    0.00341025    0.001715    0.00305287    0.0107458
0.406875    -0.969695    0.00764788    -0.811193    0.0032454    0.00159    0.00236366    0.0109333
0.542466    -0.966671    0.00711412    -0.810204    0.00361963    0.0021    0.00214418    0.0111379
0.678058    -0.963645    0.00712701    -0.810085    0.00335361    0.001835    0.00271183    0.0113372
0.813649    -0.960417    0.0088177    -0.809513    0.0043189    0.00159    0.00224876    0.011573
0.949241    -0.95739    0.00598485    -0.808934    0.00348766    0.00221    0.00229257    0.0117602
1.08483    -0.954702    0.00597521    -0.809276    0.00348588    0.001445    0.00287676    0.0119995
1.22042    -0.951541    0.00739615    -0.80798    0.00377051    0.0024    0.00286313    0.0122304
1.35602    -0.948618    0.00813521    -0.807068    0.00400178    0.002045    0.00258925    0.012445
1.49161    -0.94575    0.00751586    -0.807149    0.00382599    0.00223    0.00248638    0.0126969
1.6272    -0.944935    0.00843186    -0.808047    0.00451303    0.002305    0.00325511    0.0129245
1.76279    -0.93913    0.00867548    -0.806409    0.00511769    0.002695    0.00266284    0.013165
1.89838    -0.937518    0.00749848    -0.805958    0.00430762    0.00206    0.00323441    0.0134276
2.03397    -0.934156    0.00908894    -0.80537    0.00537689    0.00081    0.00376748    0.0137074
2.16956    -0.932335    0.00825378    -0.80399    0.00513379    0.00251    0.00416352    0.0139703
2.30516    -0.928036    0.00773164    -0.804372    0.00500304    0.001905    0.00367454    0.0142138
2.44075    -0.815937    0.00893789    -0.631992    0.00608192    0.101455    0.00456911    0.0140778
2.57634    -0.813025    0.0097241    -0.631768    0.0061076    0.100295    0.00371338    0.0143511
2.71193    -0.807953    0.0104998    -0.628629    0.0102352    0.100965    0.00712689    0.0146358
2.84752    -0.804245    0.0121962    -0.627432    0.0105041    0.09875    0.00687986    0.0149598
2.98311    -0.727344    0.0494562    -0.512957    0.0777114    0.037785    0.0423566    0.0148942
3.11871    -0.68685    0.0112736    -0.454031    0.010006    -0.00022    0.00787633    0.0149886
3.2543    -0.588553    0.0101184    -0.295358    0.00536614    0.10064    0.00431658    0.0143017
3.38989    -0.581252    0.00924449    -0.296373    0.00385126    0.09473    0.00486514    0.0146862
3.52548    -0.582309    0.0100221    -0.294766    0.00477239    0.09952    0.00445697    0.0148064
3.66107    -0.482942    0.0258665    -0.144292    0.0374887    0.18821    0.0220683    0.0144801
3.79666    -0.467501    0.0115605    -0.12785    0.00535927    0.19679    0.00631137    0.0146207
3.93225    -0.466896    0.0070276    -0.128475    0.00388624    0.19634    0.00526302    0.0148244
4.06785    -0.364903    0.0102215    0.0430342    0.00344815    0.096355    0.0069875    0.0145281
4.20344    -0.327919    0.0328911    0.0511876    0.0113195    0.07627    0.0321391    0.0148613
4.33903    -0.0997811    0.0630392    0.0488791    0.00809281    -0.1365    0.0497511    0.0135111
4.47462    0.076983    0.0419873    0.046959    0.0033893    -0.143255    0.0439441    0.0124785
4.61021    0.221223    0.00811324    0.0492889    0.003701    -0.10321    0.00435068    0.0116554
4.7458    0.318753    0.00966188    0.0464976    0.00414002    -0.00199    0.00553285    0.0109338
4.88139    0.318529    0.00801451    0.0499449    0.00564104    0.00287    0.00502674    0.0109521
5.01699    0.491738    0.0218772    0.134735    0.0204681    0.010825    0.0227418    0.00981159
5.15258    0.503071    0.00679207    0.126751    0.00390632    0.000165    0.00358141    0.00964259
5.28817    0.509951    0.0077086    0.122224    0.00652749    -0.00166    0.00513876    0.00974683
5.42376    0.508869    0.00622382    0.126114    0.00366972    6e-05    0.00322124    0.00976593
5.55935    0.606575    0.00715317    -0.0435634    0.00393639    -0.09739    0.00331329    0.00899699
5.69494    0.612155    0.00730941    -0.0447058    0.00396288    -0.097545    0.00311195    0.00905433
5.83054    0.61251    0.00697703    -0.0442758    0.00419744    -0.09691    0.00352092    0.00911428
5.96613    0.712047    0.00666167    -0.127546    0.00442687    -0.001485    0.00219055    0.00801169
6.10172    0.715243    0.00674155    -0.128548    0.00433999    -0.00144    0.00319005    0.00805522
6.23731    0.718417    0.00752902    -0.128464    0.00458947    -0.001825    0.00320829    0.00804233
6.3729    0.914011    0.0162528    -0.467983    0.0279378    -0.00365    0.0162716    0.00588204
6.50849    0.999249    0.00385641    -0.632787    0.0027003    -0.09793    0.00152401    0.00505672
6.64408    1.00161    0.00490262    -0.632698    0.00190268    -0.09739    0.0016118    0.00499396
6.77968    1.00392    0.00417211    -0.632376    0.00219778    -0.09798    0.00156911    0.00493464
6.91527    1.00622    0.00343421    -0.631951    0.00147976    -0.097855    0.00138843    0.00488946
7.05086    1.00857    0.00378015    -0.632164    0.00225708    -0.09735    0.00146884    0.00483872
7.18645    1.00977    0.00380284    -0.631532    0.0017356    -0.09734    0.00157699    0.00477979
7.32204    1.01296    0.00337557    -0.63132    0.00193312    -0.097595    0.00159051    0.00473999
7.45763    1.01604    0.00362912    -0.631156    0.00140617    -0.0974    0.00116726    0.00468201
7.59323    1.01853    0.00437565    -0.63128    0.00233052    -0.09695    0.00142215    0.00464109
7.72882    1.01984    0.00392905    -0.630505    0.0029033    -0.09709    0.00194471    0.00460292
7.86441    1.02279    0.0039268    -0.630447    0.00209855    -0.097265    0.00143301    0.00456188
8    1.02533    0.00453519    -0.63015    0.00248783    -0.096945    0.00146739    0.00452759
