FIELD    MAGNETIZATION    MAGNETIZATIONstd    POLARIZATION    POLARIZATIONstd    LB2    LB2std    Accept rate    
0.0001    -0.00725309    0.00543611    0.813644    0.00312383    0.986825    0.00253981    0.00928289
0.127083    -0.00471459    0.00603279    0.813748    0.00312214    0.98701    0.00240258    0.00929485
0.254065    -0.00168729    0.00520956    0.81376    0.0027072    0.986945    0.00220357    0.00929432
0.381048    0.0003794    0.00632904    0.812707    0.00281009    0.9863    0.00208207    0.00931989
0.50803    0.00160158    0.00581102    0.813169    0.00209203    0.986665    0.00171945    0.00933004
0.635013    0.00391176    0.00622192    0.813384    0.00214797    0.986635    0.00173148    0.00934417
0.761995    0.00563431    0.005916    0.812464    0.00241678    0.985965    0.00194359    0.0093606
0.888978    0.00840723    0.00605947    0.813292    0.00269499    0.98648    0.00216843    0.00939607
1.01596    0.0111461    0.00597936    0.813116    0.00286873    0.986335    0.00219238    0.00942464
1.14294    0.0126744    0.00583719    0.812225    0.00226197    0.9859    0.00158666    0.00945416
1.26993    0.016184    0.00553889    0.812621    0.00302615    0.986115    0.00239228    0.009505
1.39691    0.0170622    0.00651776    0.812087    0.00277137    0.985805    0.00216003    0.00952175
1.52389    0.0191303    0.00689609    0.812085    0.00254004    0.98567    0.00208053    0.00956576
1.65087    0.0226194    0.00590737    0.811539    0.00354016    0.98547    0.00245288    0.00962502
1.77786    0.0239956    0.00706264    0.811356    0.0033164    0.985345    0.0022781    0.00967137
1.90484    0.0258241    0.00532355    0.811898    0.00279085    0.985635    0.00219671    0.0097049
2.03182    0.0304965    0.00626917    0.808337    0.00414259    0.983345    0.00254504    0.00978125
2.1588    0.0319545    0.00859297    0.809814    0.0041141    0.98413    0.00275873    0.00983575
2.28579    0.0331938    0.00599254    0.810736    0.00326826    0.984845    0.00246926    0.0098784
2.41277    0.0362156    0.00683802    0.809935    0.00363303    0.98432    0.00235108    0.00995548
2.53975    0.0393708    0.00649998    0.809485    0.00403188    0.98373    0.00279501    0.0100206
2.66673    0.0418706    0.00865604    0.808444    0.00480136    0.983265    0.0031656    0.01011
2.79372    0.045225    0.00840082    0.807877    0.00466613    0.982745    0.003215    0.0101692
2.9207    0.0469342    0.00656067    0.806914    0.00461005    0.982165    0.00290672    0.0102462
3.04768    0.0494258    0.00623479    0.807623    0.00386204    0.982735    0.00270112    0.0103178
3.17466    0.0520534    0.00835324    0.805376    0.00666094    0.981275    0.00426387    0.0104198
3.30165    0.0580763    0.00876548    0.803087    0.00524522    0.9797    0.00354859    0.0105131
3.42863    0.0586934    0.00919398    0.806075    0.00533402    0.98155    0.00354683    0.0105995
3.55561    0.0828331    0.0081944    0.780118    0.00593219    0.965095    0.00388423    0.0109981
3.68259    0.0951763    0.0131581    0.763712    0.0177743    0.95562    0.0104633    0.0111411
3.80958    0.171008    0.00905923    0.633893    0.0056506    0.881505    0.0038992    0.010368
3.93656    0.190093    0.00731796    0.61549    0.00542309    0.869855    0.00354545    0.0106565
4.06354    0.177497    0.00759519    0.632502    0.00479301    0.88035    0.00325998    0.0105526
4.19052    0.28658    0.00862477    0.453183    0.00956185    0.77701    0.00593485    0.0100328
4.31751    0.285118    0.00955334    0.459421    0.00940609    0.781015    0.00576594    0.0100342
4.44449    0.298843    0.00878933    0.446802    0.00933555    0.77318    0.0058125    0.0101911
4.57147    0.294247    0.0116659    0.454349    0.00934358    0.777555    0.00611786    0.0102106
4.69845    0.422158    0.0778152    0.235373    0.149887    0.651155    0.0851637    0.0100017
4.82544    0.593377    0.00643883    -0.0550075    0.00402729    0.48395    0.00283019    0.00837029
4.95242    0.594185    0.00721473    -0.0528783    0.00620319    0.484845    0.0041167    0.00838229
5.0794    0.590122    0.00564776    -0.0455374    0.00322208    0.48927    0.00235894    0.00834235
5.20638    0.590858    0.0059093    -0.0453742    0.0038112    0.489495    0.00240805    0.00837378
5.33337    0.603166    0.00630124    -0.056665    0.00316001    0.48257    0.00225557    0.00844666
5.46035    0.596684    0.00708482    -0.0453411    0.00432786    0.489005    0.00296416    0.00843248
5.58733    0.659617    0.0407318    -0.153826    0.0773211    0.42693    0.0437261    0.00806295
5.71431    0.694296    0.00643716    -0.216819    0.00261936    0.391435    0.00167019    0.00776225
5.8413    0.697202    0.00433391    -0.216756    0.00191939    0.391105    0.00153141    0.00776491
5.96828    0.699329    0.00522866    -0.217178    0.00328419    0.39083    0.00242819    0.00779393
6.09526    0.701664    0.00596436    -0.216996    0.00244731    0.39077    0.0016903    0.00781325
6.22224    0.75435    0.0503841    -0.286558    0.0813713    0.34369    0.0485446    0.00763825
6.34923    0.994815    0.00461597    -0.638562    0.00224767    0.096795    0.00158484    0.00511699
6.47621    0.996724    0.00405874    -0.638377    0.00159395    0.096695    0.00143116    0.00505786
6.60319    1.00103    0.00545208    -0.640606    0.00529234    0.095295    0.00328279    0.0050374
6.73017    1.00142    0.00464748    -0.638104    0.00317577    0.096435    0.00192926    0.00496977
6.85716    1.07711    0.0296419    -0.777195    0.0575473    0.01576    0.0334786    0.0041243
6.98414    1.09202    0.00289627    -0.803246    0.00124293    0.00067    0.000951893    0.00386728
7.11112    1.09443    0.00325968    -0.803114    0.00154243    0.000535    0.00093409    0.00380111
7.2381    1.09729    0.00270151    -0.802933    0.00159512    0.00058    0.00130713    0.00374219
7.36509    1.09841    0.00374267    -0.802297    0.00182354    0.00066    0.000953625    0.00367945
7.49207    1.10214    0.00273138    -0.80259    0.00137919    0.0004    0.000938083    0.00361522
7.61905    1.10272    0.00342888    -0.801651    0.0014368    0.000755    0.00111858    0.00355622
7.74603    1.10537    0.00366924    -0.801457    0.00136255    0.000685    0.00108721    0.00350139
7.87302    1.10775    0.00274593    -0.801029    0.00133258    0.000375    0.001025    0.00345474
8    1.10997    0.00307976    -0.800766    0.00134621    0.00048    0.00105456    0.00339299
