FIELD    MAGNETIZATION    MAGNETIZATIONstd    POLARIZATION    POLARIZATIONstd    LB2    LB2std    Accept rate    
0.0001    -0.00457203    0.00434407    0.813386    0.00232583    0.98634    0.00200422    0.00967375
0.127083    -0.00201361    0.00620875    0.813502    0.00237524    0.986385    0.00203114    0.00967984
0.254065    -0.000119434    0.00669851    0.813552    0.00219838    0.986325    0.00183047    0.00968591
0.381048    0.00371177    0.00580547    0.812995    0.00242958    0.98593    0.00207487    0.00969055
0.50803    0.00483361    0.00598898    0.813105    0.00188845    0.986025    0.00161187    0.00970995
0.635013    0.00681149    0.00666514    0.813627    0.00215582    0.986455    0.001935    0.00973262
0.761995    0.00970441    0.00598872    0.813162    0.0021006    0.985875    0.0017967    0.00974657
0.888978    0.0131754    0.00548301    0.812568    0.00228808    0.985465    0.00204268    0.00978661
1.01596    0.0123017    0.00618018    0.812714    0.00208324    0.985765    0.00185567    0.00980338
1.14294    0.0157001    0.00587214    0.812911    0.00214336    0.98586    0.00178827    0.00983286
1.26993    0.0173177    0.00584013    0.812901    0.0023269    0.98577    0.0018966    0.00987537
1.39691    0.018332    0.00525576    0.812782    0.00203815    0.985805    0.00176443    0.00989849
1.52389    0.0207559    0.00657343    0.813151    0.00233508    0.985925    0.00201634    0.00993719
1.65087    0.0241467    0.00604668    0.811812    0.00225944    0.984775    0.00191719    0.00997319
1.77786    0.0279883    0.00628743    0.812304    0.00217486    0.985115    0.00189619    0.0100287
1.90484    0.029607    0.00644731    0.812143    0.00211431    0.98513    0.00190147    0.0100807
2.03182    0.0311319    0.00571588    0.811429    0.00251403    0.984645    0.00205249    0.0101262
2.1588    0.0336641    0.00607246    0.811033    0.00205439    0.984225    0.00191328    0.010176
2.28579    0.0372127    0.00569812    0.810876    0.00294623    0.984145    0.00238856    0.0102387
2.41277    0.0372385    0.00615069    0.812109    0.00187658    0.985015    0.00157671    0.0102929
2.53975    0.0427127    0.00686279    0.81106    0.00291428    0.98424    0.00227374    0.0103578
2.66673    0.0435596    0.00575196    0.810936    0.00284073    0.984065    0.00219932    0.0104334
2.79372    0.0452065    0.00586663    0.809699    0.00284176    0.9832    0.00233452    0.0105056
2.9207    0.0482264    0.00646386    0.80931    0.002874    0.982755    0.00218946    0.0105735
3.04768    0.0517657    0.00515719    0.809318    0.00283243    0.98302    0.00228574    0.0106549
3.17466    0.052055    0.00717142    0.808957    0.00373914    0.98264    0.00279516    0.0107416
3.30165    0.0555862    0.00779057    0.806658    0.00812418    0.98139    0.00496215    0.0108585
3.42863    0.0592386    0.00766466    0.807626    0.00490604    0.981905    0.00356647    0.0109351
3.55561    0.174277    0.0069184    0.639711    0.00515128    0.883005    0.00372038    0.0103809
3.68259    0.17397    0.00714068    0.641045    0.00292959    0.883865    0.00253141    0.0104346
3.80958    0.177004    0.00586827    0.640054    0.00290425    0.883205    0.0024278    0.0104953
3.93656    0.182828    0.00752785    0.638514    0.00446184    0.88216    0.00338628    0.0106039
4.06354    0.183575    0.00950111    0.636875    0.00579492    0.881315    0.00403262    0.0107184
4.19052    0.186325    0.00686037    0.636538    0.004556    0.880805    0.00333215    0.0107905
4.31751    0.192257    0.0118099    0.634121    0.0094576    0.878695    0.00684859    0.0108956
4.44449    0.370593    0.0403044    0.333812    0.0667973    0.706315    0.0385159    0.00992172
4.57147    0.394255    0.0074418    0.297945    0.00383939    0.68529    0.00311864    0.00983522
4.69845    0.394334    0.00702124    0.2988    0.00281661    0.686165    0.00250879    0.00986178
4.82544    0.422025    0.0415034    0.254424    0.0713637    0.660455    0.0412456    0.00988219
4.95242    0.588885    0.00653739    0.045572    0.0037007    0.4909    0.00238223    0.00845949
5.0794    0.687139    0.00588402    -0.124423    0.00254741    0.392925    0.00192045    0.00779251
5.20638    0.68799    0.00530913    -0.124031    0.0022111    0.39285    0.00165303    0.00778514
5.33337    0.71669    0.0352547    -0.167507    0.0645537    0.3671    0.0372419    0.00779223
5.46035    0.788111    0.0063767    -0.294125    0.002897    0.293785    0.00226882    0.00716841
5.58733    0.888751    0.00586413    -0.463444    0.00262941    0.196275    0.00228706    0.00633355
5.71431    0.891976    0.00513005    -0.46407    0.00277429    0.19578    0.00173684    0.00630449
5.8413    0.89294    0.00550426    -0.463192    0.00215256    0.195845    0.00149991    0.00627209
5.96828    0.897014    0.00517437    -0.463897    0.00284053    0.19508    0.00224524    0.00624015
6.09526    0.988656    0.00455613    -0.634986    0.00199147    0.097715    0.00168894    0.00525878
6.22224    1.07857    0.00366355    -0.804746    0.00168428    0.000555    0.00112393    0.00453808
6.34923    1.08131    0.00386061    -0.804754    0.00131138    0.00052    0.000983412    0.0044694
6.47621    1.08268    0.00296435    -0.804427    0.00151058    0.000755    0.00116672    0.00438783
6.60319    1.0843    0.0036235    -0.803839    0.00139394    0.000445    0.00115898    0.00431746
6.73017    1.08695    0.00326454    -0.8034    0.00171853    0.000685    0.00108951    0.00424994
6.85716    1.08894    0.00340004    -0.803068    0.00116816    0.000255    0.00118373    0.0041772
6.98414    1.09119    0.00357848    -0.802911    0.00145469    0.00048    0.00100603    0.00410564
7.11112    1.09332    0.00403676    -0.802342    0.00174658    0.0003    0.00109886    0.00403577
7.2381    1.09573    0.00355189    -0.802594    0.00152082    0.00054    0.00109471    0.00397396
7.36509    1.09724    0.00328181    -0.801887    0.00145093    0.00026    0.00118634    0.00390344
7.49207    1.09963    0.00344196    -0.801718    0.001383    0.00013    0.00103591    0.00384234
7.61905    1.10155    0.00284963    -0.800741    0.00136111    0.00041    0.00119766    0.00378478
7.74603    1.10386    0.00261782    -0.801072    0.00107911    0.000425    0.000875    0.00372161
7.87302    1.10585    0.0029375    -0.800412    0.00128406    0.00045    0.00104283    0.00366347
8    1.10818    0.00311193    -0.800275    0.00148869    0.00024    0.00108277    0.00359894
