FIELD    MAGNETIZATION    MAGNETIZATIONstd    POLARIZATION    POLARIZATIONstd    LB2    LB2std    Accept rate    
0.0001    -0.0049541    0.00629393    0.811579    0.0022449    0.984925    0.00191915    0.00992212
0.127083    -0.00323562    0.00593419    0.811686    0.00281967    0.985015    0.00232078    0.00993163
0.254065    -0.00225277    0.00563273    0.811756    0.00260774    0.985035    0.00226275    0.00994588
0.381048    0.00150667    0.00592083    0.812071    0.00243732    0.98522    0.00194142    0.00994902
0.50803    0.00339931    0.00734063    0.811941    0.00271503    0.985085    0.00232681    0.00997856
0.635013    0.00589309    0.00611954    0.811838    0.0022511    0.985205    0.00177742    0.00999147
0.761995    0.0076693    0.00655838    0.811357    0.002824    0.984625    0.00227225    0.00999246
0.888978    0.0109091    0.00765838    0.811101    0.00306822    0.984625    0.0023692    0.0100247
1.01596    0.0141182    0.00646288    0.810033    0.00300599    0.983725    0.00228268    0.0100546
1.14294    0.0168323    0.00552676    0.80999    0.00348937    0.9836    0.00287098    0.0101126
1.26993    0.0193653    0.00635861    0.810691    0.00343297    0.984245    0.00285416    0.0101092
1.39691    0.0205226    0.00733921    0.810347    0.003352    0.984085    0.00251426    0.0101303
1.52389    0.0219941    0.00737423    0.809912    0.00343274    0.98364    0.00302    0.0101992
1.65087    0.0229819    0.00654553    0.811119    0.0032785    0.98488    0.00240741    0.0101922
1.77786    0.0280603    0.00652869    0.809574    0.00319935    0.983265    0.00260692    0.0102523
1.90484    0.0317753    0.00826226    0.807914    0.00335247    0.981985    0.00261983    0.0103341
2.03182    0.0327524    0.00688912    0.808823    0.00368341    0.9828    0.00319883    0.0103706
2.1588    0.0365461    0.00766612    0.807221    0.00494196    0.981675    0.00370177    0.010434
2.28579    0.0375796    0.00741028    0.806971    0.00415907    0.98177    0.00298029    0.0104804
2.41277    0.0426566    0.0092949    0.806506    0.00483776    0.98118    0.0036021    0.0105331
2.53975    0.0430908    0.00843318    0.807085    0.00426082    0.98162    0.00335866    0.0105822
2.66673    0.0484196    0.00767547    0.805425    0.00524992    0.980335    0.00422718    0.0107015
2.79372    0.0491424    0.00810499    0.805391    0.00479048    0.98002    0.00371781    0.0107346
2.9207    0.0536957    0.00788407    0.804225    0.00504228    0.979315    0.00386387    0.010822
3.04768    0.0596782    0.00926831    0.800309    0.00515395    0.97594    0.00379656    0.0109819
3.17466    0.0582147    0.00858189    0.80364    0.00489739    0.979075    0.00399007    0.0109548
3.30165    0.064062    0.00690977    0.800344    0.00534868    0.97603    0.00424018    0.0111189
3.42863    0.0667094    0.00884658    0.801239    0.00521112    0.976865    0.00392084    0.0111525
3.55561    0.0686229    0.00838064    0.799691    0.00526204    0.976015    0.00391868    0.0112518
3.68259    0.177289    0.00724265    0.636215    0.0038593    0.879725    0.0033568    0.0106794
3.80958    0.176817    0.00803568    0.637083    0.00406298    0.880965    0.00311248    0.0106998
3.93656    0.185318    0.00798107    0.63455    0.00463129    0.878075    0.0048655    0.0108497
4.06354    0.286436    0.00902353    0.467822    0.00495079    0.780545    0.00400022    0.0102834
4.19052    0.286228    0.00743411    0.469339    0.00395256    0.7822    0.00368816    0.0103127
4.31751    0.386361    0.00578608    0.295695    0.00315131    0.681375    0.00265953    0.00981493
4.44449    0.387781    0.00766173    0.295891    0.00425334    0.681825    0.00367942    0.00982057
4.57147    0.388513    0.00790257    0.296319    0.00345168    0.68206    0.00273521    0.00987441
4.69845    0.553902    0.0296248    0.0761151    0.0285162    0.52444    0.0324683    0.00915739
4.82544    0.58599    0.00550595    0.0450427    0.00280888    0.488825    0.00225069    0.00850657
4.95242    0.592332    0.0092884    0.0383337    0.0102479    0.48441    0.00604788    0.0085416
5.0794    0.589936    0.00699152    0.0453468    0.00288248    0.488745    0.00213863    0.00850312
5.20638    0.603122    0.0155411    0.0304078    0.0186584    0.48013    0.0107818    0.00860631
5.33337    0.691319    0.0146949    -0.120558    0.0248738    0.393845    0.0142127    0.00774772
5.46035    0.706727    0.00564747    -0.141771    0.00526095    0.38103    0.00338661    0.00772866
5.58733    0.793528    0.00541195    -0.287742    0.00220081    0.295905    0.00158894    0.00688466
5.71431    0.795255    0.00420849    -0.287298    0.00177043    0.29584    0.00179357    0.00685364
5.8413    0.798409    0.00457707    -0.287323    0.00181565    0.296105    0.00183854    0.0068329
5.96828    0.80365    0.00468399    -0.288366    0.00239194    0.295085    0.00200787    0.00680227
6.09526    0.803055    0.00484422    -0.287226    0.00229175    0.295955    0.00173255    0.00677553
6.22224    0.804387    0.00527064    -0.287162    0.00203759    0.29517    0.00167215    0.00675771
6.34923    0.877788    0.0361289    -0.422687    0.0687768    0.2177    0.0390834    0.00617124
6.47621    0.898662    0.00426193    -0.458522    0.00190632    0.197035    0.00177975    0.00594476
6.60319    0.995325    0.00427092    -0.629601    0.00227747    0.09907    0.00120212    0.00509353
6.73017    0.997797    0.00382504    -0.629364    0.00152053    0.09922    0.00121926    0.00503731
6.85716    1.00025    0.00417015    -0.629483    0.00247519    0.098695    0.00160802    0.00498359
6.98414    1.00305    0.00424041    -0.629862    0.00247734    0.09822    0.00190305    0.0049384
7.11112    1.00562    0.00434481    -0.62909    0.00171098    0.09875    0.00115542    0.00488026
7.2381    1.01336    0.0206516    -0.639577    0.0384954    0.092625    0.021937    0.00482723
7.36509    1.0962    0.00311745    -0.802197    0.00147927    0.00036    0.00105731    0.00396372
7.49207    1.09837    0.00312539    -0.801719    0.00164161    0.00048    0.00131419    0.00390074
7.61905    1.10088    0.00294245    -0.801758    0.00141371    0.0001    0.00119896    0.00383986
7.74603    1.10376    0.00389963    -0.801252    0.00177387    0.000355    0.000956674    0.0037717
7.87302    1.10558    0.00291304    -0.801126    0.00128744    9.5e-05    0.00109189    0.00371493
8    1.10676    0.00312922    -0.800569    0.00125345    0.00044    0.00120681    0.00365186
